292 97
292 110
294 123
297 136
300 148
306 159
315 168
326 174
339 175
352 172
363 165
372 157
379 147
382 134
384 121
385 108
384 95
299 91
304 84
312 81
322 83
331 86
344 86
353 81
362 79
372 79
378 85
338 92
337 100
337 108
336 116
327 125
332 127
338 128
343 126
348 124
308 97
313 94
319 93
327 95
320 97
314 98
350 93
356 90
362 89
369 91
363 94
356 94
321 145
326 142
332 139
337 140
342 139
349 139
356 142
350 145
344 147
339 148
333 148
327 147
324 145
332 143
338 143
343 142
354 142
343 141
338 142
333 142
