119 183
118 192
118 202
119 213
121 224
125 235
130 243
137 251
147 253
158 253
169 248
179 241
187 232
193 221
196 209
197 197
198 185
121 173
126 171
133 171
139 173
145 176
157 177
164 174
172 171
180 172
188 175
150 183
149 191
147 198
146 206
141 209
144 211
148 213
152 211
155 210
127 182
131 180
136 180
140 183
135 185
130 185
163 184
168 181
174 181
179 183
174 185
168 185
137 228
140 223
144 221
148 222
151 221
155 224
160 229
155 232
150 233
147 233
143 233
139 231
139 228
144 226
148 226
151 226
157 229
150 226
147 226
144 226
