694 163
694 174
696 184
699 195
703 205
710 214
718 221
728 227
738 228
749 227
757 220
764 212
770 203
775 193
777 183
778 171
778 160
701 155
707 151
715 150
723 152
730 156
744 155
751 150
758 148
766 148
772 152
738 164
739 171
739 177
739 183
730 189
734 190
738 191
743 190
747 189
709 165
714 163
720 163
726 166
720 167
714 168
749 165
755 162
761 161
766 163
761 166
755 166
723 205
728 200
734 197
737 198
741 197
746 201
751 206
746 211
741 214
737 214
733 213
728 211
726 205
734 204
737 204
741 204
748 206
740 205
737 205
733 205
