542 100
542 113
541 127
542 142
544 157
550 173
559 185
571 194
585 197
599 196
612 189
621 177
628 164
634 149
637 136
638 121
639 107
552 99
559 94
569 93
579 96
588 100
600 102
609 99
618 98
627 99
633 103
593 108
593 117
593 127
593 137
581 143
586 145
592 147
597 146
602 145
563 105
568 103
575 102
581 106
575 108
568 108
604 109
610 106
617 107
622 110
617 112
610 111
570 159
578 159
585 159
590 160
595 159
601 160
607 162
600 167
594 168
589 168
584 167
577 166
573 160
585 161
590 162
594 162
604 162
594 162
590 162
584 161
