272 175
272 179
273 182
273 186
274 189
275 192
277 195
280 197
283 197
286 197
290 195
293 193
296 190
297 187
298 183
299 179
299 175
273 173
274 171
276 171
278 172
280 174
284 174
286 173
289 173
292 173
294 174
282 176
282 178
282 180
282 182
280 184
281 185
282 185
283 185
285 184
275 175
276 174
278 175
280 176
278 176
276 176
286 176
287 175
289 175
291 176
289 177
288 177
278 188
280 188
281 187
282 188
284 187
286 188
288 188
286 190
284 190
282 190
281 190
279 190
278 188
281 188
282 189
284 188
287 188
284 188
282 189
281 188
