139 145
139 149
139 152
140 156
141 159
142 163
144 166
146 168
149 169
152 169
156 167
158 164
161 161
163 158
164 154
165 150
165 146
139 144
141 142
143 143
145 144
147 145
151 145
154 144
156 143
159 143
161 145
149 147
149 150
148 153
148 156
146 157
147 158
148 158
150 158
151 157
142 146
143 145
145 146
147 147
145 147
143 147
153 148
155 146
157 146
158 147
157 148
155 148
145 161
146 161
147 161
148 161
150 161
151 162
153 162
151 163
149 164
148 163
147 163
146 162
145 161
147 162
148 162
150 162
153 162
150 162
148 162
147 161
