388 178
388 181
388 184
389 187
389 190
391 193
392 196
394 199
396 199
400 199
404 197
407 195
410 193
413 190
414 186
414 182
414 179
388 174
389 173
391 173
392 173
394 174
398 174
401 173
403 173
406 174
408 175
396 177
396 179
395 181
395 184
393 185
394 186
395 186
397 186
398 185
390 177
391 176
393 176
394 177
393 178
391 178
400 178
402 177
404 177
405 178
404 178
402 178
392 190
393 189
394 188
395 188
397 188
399 189
401 190
399 192
397 194
395 194
394 194
393 193
393 190
394 190
395 190
397 190
400 190
397 191
395 191
394 191
