495 174
495 177
495 181
496 185
497 188
498 192
499 196
501 198
504 199
508 199
512 197
515 194
518 191
520 187
521 183
522 179
522 175
495 171
497 170
499 171
500 171
502 172
506 172
509 172
512 171
514 172
516 173
504 175
504 177
503 180
503 182
500 184
501 185
503 185
505 185
506 185
497 174
498 174
500 174
501 175
500 175
498 175
508 176
510 175
512 175
513 176
512 176
510 176
499 189
500 188
502 188
503 189
504 188
507 189
509 190
507 192
504 193
503 193
501 193
500 192
500 189
502 190
503 190
504 190
508 190
504 191
503 191
502 190
