316 131
317 138
317 144
318 151
320 157
324 163
329 168
334 172
340 173
346 172
351 168
356 163
359 157
361 151
362 144
363 138
363 131
322 127
324 123
328 122
332 122
336 123
345 123
349 122
353 122
357 123
359 127
340 128
340 133
341 138
341 143
335 145
338 146
341 147
343 146
346 145
327 130
329 128
332 128
335 130
332 130
329 130
346 130
349 128
352 128
354 130
352 130
349 130
330 152
333 151
337 151
341 151
344 151
348 151
351 151
348 155
344 157
341 158
337 157
333 155
331 152
337 153
341 153
344 153
350 152
344 154
341 154
337 154
