405 149
405 155
406 161
407 168
409 174
412 179
417 184
422 188
429 188
435 188
440 184
444 179
447 174
448 167
449 161
450 155
450 148
408 144
411 141
415 139
419 140
424 141
431 141
435 140
440 139
444 140
447 144
427 145
427 149
427 152
427 156
423 160
425 161
428 161
430 161
432 160
414 147
416 145
419 145
422 146
419 147
416 147
433 146
436 145
439 145
441 146
439 147
436 147
419 169
422 167
426 166
428 167
431 166
434 167
438 168
434 170
431 171
429 172
426 171
423 171
420 169
426 168
428 169
431 168
436 168
431 169
429 169
426 169
