234 113
234 120
235 126
236 134
237 140
241 146
247 150
252 154
259 155
265 154
272 151
278 147
281 142
283 135
284 128
285 121
286 115
237 106
240 101
245 100
249 101
254 103
263 103
269 102
273 101
278 103
281 107
259 108
259 112
258 116
258 120
254 124
256 125
259 125
261 125
264 124
243 110
246 108
249 108
252 110
249 110
246 110
266 110
269 109
272 109
275 111
272 111
269 111
247 133
252 130
256 129
259 130
263 129
267 130
272 132
268 137
263 138
259 139
256 139
251 137
249 133
256 132
259 132
263 131
270 133
263 136
259 136
256 136
