157 122
157 128
158 134
159 140
161 146
165 151
170 155
177 157
184 157
191 156
197 154
201 149
204 144
206 138
207 133
207 127
207 122
161 116
163 111
168 108
173 107
178 108
186 108
191 107
197 107
201 110
203 115
182 115
183 118
183 120
183 124
178 130
180 130
183 130
185 130
187 130
167 120
170 118
173 117
176 118
173 119
170 120
188 118
192 117
195 117
197 119
195 119
192 119
173 140
177 138
180 137
183 137
186 136
189 138
193 139
189 141
186 142
183 142
180 142
177 142
174 140
180 139
183 140
186 139
191 139
186 139
183 139
180 139
